# Made in Blockbench 4.6.0
mtllib materials.mtl

o cube
v 0.5 -0.5826243939482241 1.3716767795453917
v 0.5 0.18274247078195538 -0.4760822854771819
v 0.5 -0.5826243939482241 1.3716767795453917
v 0.5 0.18274247078195538 -0.4760822854771819
v -0.5 0.18274247078195538 -0.4760822854771819
v -0.5 -0.5826243939482241 1.3716767795453917
v -0.5 0.18274247078195538 -0.4760822854771819
v -0.5 -0.5826243939482241 1.3716767795453917
vt 1 1
vt 0 1
vt 0 1
vt 1 1
vt 0 1
vt 0 0.125
vt 0 0.125
vt 0 1
vt 0 1
vt 1 1
vt 1 1
vt 0 1
vt 0 0.125
vt 0 1
vt 0 1
vt 0 0.125
vt 0 1
vt 1 1
vt 1 0
vt 0 0
vt 1 0
vt 0 0
vt 0 1
vt 1 1
vn 0 0.3826834323650897 -0.9238795325112867
vn 1 0 0
vn 0 -0.3826834323650897 0.9238795325112867
vn -1 0 0
vn 0 0.9238795325112867 0.3826834323650897
vn 0 -0.9238795325112867 -0.3826834323650897
usemtl none
f 4/4/1 7/3/1 5/2/1 2/1/1
f 3/8/2 4/7/2 2/6/2 1/5/2
f 8/12/3 3/11/3 1/10/3 6/9/3
f 7/16/4 8/15/4 6/14/4 5/13/4
usemtl m_8881eae4-35a9-6cce-2dc3-3ac8c7ab44fe
f 6/20/5 1/19/5 2/18/5 5/17/5
f 7/24/6 4/23/6 3/22/6 8/21/6
o cube
v 0.5 0.2189710784553126 0.5434681051253774
v 0.5 -0.5463957862748668 -1.3042909598971963
v 0.5 0.2189710784553126 0.5434681051253774
v 0.5 -0.5463957862748668 -1.3042909598971963
v -0.5 -0.5463957862748668 -1.3042909598971963
v -0.5 0.2189710784553126 0.5434681051253774
v -0.5 -0.5463957862748668 -1.3042909598971963
v -0.5 0.2189710784553126 0.5434681051253774
vt 1 1
vt 0 1
vt 0 1
vt 1 1
vt 0 1
vt 0 0.125
vt 0 0.125
vt 0 1
vt 0 1
vt 1 1
vt 1 1
vt 0 1
vt 0 0.125
vt 0 1
vt 0 1
vt 0 0.125
vt 1 0
vt 0 0
vt 0 1
vt 1 1
vt 0 1
vt 1 1
vt 1 0
vt 0 0
vn 0 -0.3826834323650897 -0.9238795325112867
vn 1 0 0
vn 0 0.3826834323650897 0.9238795325112867
vn -1 0 0
vn 0 0.9238795325112867 -0.3826834323650897
vn 0 -0.9238795325112867 0.3826834323650897
usemtl none
f 12/28/7 15/27/7 13/26/7 10/25/7
f 11/32/8 12/31/8 10/30/8 9/29/8
f 16/36/9 11/35/9 9/34/9 14/33/9
f 15/40/10 16/39/10 14/38/10 13/37/10
usemtl m_8881eae4-35a9-6cce-2dc3-3ac8c7ab44fe
f 14/44/11 9/43/11 10/42/11 13/41/11
f 15/48/12 12/47/12 11/46/12 16/45/12
o cube
v 0.5097751953012795 0.20085677461863405 0.5
v 0.5097751953012795 0.20085677461863405 -0.5
v 0.5097751953012795 0.20085677461863405 0.5
v 0.5097751953012795 0.20085677461863405 -0.5
v -1.3379838697212938 -0.5645100901115455 -0.5
v -1.3379838697212938 -0.5645100901115455 0.5
v -1.3379838697212938 -0.5645100901115455 -0.5
v -1.3379838697212938 -0.5645100901115455 0.5
vt 1 1
vt 0 1
vt 0 1
vt 1 1
vt 0 0
vt 0 1
vt 0 1
vt 0 0
vt 0 1
vt 1 1
vt 1 1
vt 0 1
vt 0 1
vt 0 0
vt 0 0
vt 0 1
vt 0 0
vt 0 1
vt 1 1
vt 1 0
vt 0 0
vt 0 1
vt 1 1
vt 1 0
vn 0 0 -1
vn 0.9238795325112867 0.3826834323650897 0
vn 0 0 1
vn -0.9238795325112867 -0.3826834323650897 0
vn -0.3826834323650897 0.9238795325112867 0
vn 0.3826834323650897 -0.9238795325112867 0
usemtl none
f 20/52/13 23/51/13 21/50/13 18/49/13
f 19/56/14 20/55/14 18/54/14 17/53/14
f 24/60/15 19/59/15 17/58/15 22/57/15
f 23/64/16 24/63/16 22/62/16 21/61/16
usemtl m_8881eae4-35a9-6cce-2dc3-3ac8c7ab44fe
f 22/68/17 17/67/17 18/66/17 21/65/17
f 23/72/18 20/71/18 19/70/18 24/69/18
o cube
v 1.3379838697212938 -0.5645100901115455 0.5
v 1.3379838697212938 -0.5645100901115455 -0.5
v 1.3379838697212938 -0.5645100901115455 0.5
v 1.3379838697212938 -0.5645100901115455 -0.5
v -0.5097751953012796 0.20085677461863405 -0.5
v -0.5097751953012796 0.20085677461863405 0.5
v -0.5097751953012796 0.20085677461863405 -0.5
v -0.5097751953012796 0.20085677461863405 0.5
vt 1 1
vt 0 1
vt 0 1
vt 1 1
vt 0 0
vt 0 1
vt 0 1
vt 0 0
vt 0 1
vt 1 1
vt 1 1
vt 0 1
vt 0 1
vt 0 0
vt 0 0
vt 0 1
vt 1 1
vt 1 0
vt 0 0
vt 0 1
vt 1 1
vt 1 0
vt 0 0
vt 0 1
vn 0 0 -1
vn 0.9238795325112867 -0.3826834323650897 0
vn 0 0 1
vn -0.9238795325112867 0.3826834323650897 0
vn 0.3826834323650897 0.9238795325112867 0
vn -0.3826834323650897 -0.9238795325112867 0
usemtl none
f 28/76/19 31/75/19 29/74/19 26/73/19
f 27/80/20 28/79/20 26/78/20 25/77/20
f 32/84/21 27/83/21 25/82/21 30/81/21
f 31/88/22 32/87/22 30/86/22 29/85/22
usemtl m_8881eae4-35a9-6cce-2dc3-3ac8c7ab44fe
f 30/92/23 25/91/23 26/90/23 29/89/23
f 31/96/24 28/95/24 27/94/24 32/93/24
o cube
v 1.3379838697212938 -0.12701009011154551 0.5
v 1.3379838697212938 -0.12701009011154551 -0.5
v 1.3379838697212938 -0.12701009011154551 0.5
v 1.3379838697212938 -0.12701009011154551 -0.5
v -0.5097751953012796 0.638356774618634 -0.5
v -0.5097751953012796 0.638356774618634 0.5
v -0.5097751953012796 0.638356774618634 -0.5
v -0.5097751953012796 0.638356774618634 0.5
vt 1 1
vt 0 1
vt 0 1
vt 1 1
vt 0 0
vt 0 1
vt 0 1
vt 0 0
vt 0 1
vt 1 1
vt 1 1
vt 0 1
vt 0 1
vt 0 0
vt 0 0
vt 0 1
vt 1 1
vt 1 0
vt 0 0
vt 0 1
vt 1 1
vt 1 0
vt 0 0
vt 0 1
vn 0 0 -1
vn 0.9238795325112867 -0.3826834323650897 0
vn 0 0 1
vn -0.9238795325112867 0.3826834323650897 0
vn 0.3826834323650897 0.9238795325112867 0
vn -0.3826834323650897 -0.9238795325112867 0
usemtl none
f 36/100/25 39/99/25 37/98/25 34/97/25
f 35/104/26 36/103/26 34/102/26 33/101/26
f 40/108/27 35/107/27 33/106/27 38/105/27
f 39/112/28 40/111/28 38/110/28 37/109/28
usemtl m_8881eae4-35a9-6cce-2dc3-3ac8c7ab44fe
f 38/116/29 33/115/29 34/114/29 37/113/29
f 39/120/30 36/119/30 35/118/30 40/117/30
o cube
v 0.5 -0.14512439394822407 1.3716767795453917
v 0.5 0.6202424707819554 -0.4760822854771819
v 0.5 -0.14512439394822407 1.3716767795453917
v 0.5 0.6202424707819554 -0.4760822854771819
v -0.5 0.6202424707819554 -0.4760822854771819
v -0.5 -0.14512439394822407 1.3716767795453917
v -0.5 0.6202424707819554 -0.4760822854771819
v -0.5 -0.14512439394822407 1.3716767795453917
vt 1 1
vt 0 1
vt 0 1
vt 1 1
vt 0 1
vt 0 0.125
vt 0 0.125
vt 0 1
vt 0 1
vt 1 1
vt 1 1
vt 0 1
vt 0 0.125
vt 0 1
vt 0 1
vt 0 0.125
vt 0 1
vt 1 1
vt 1 0
vt 0 0
vt 1 0
vt 0 0
vt 0 1
vt 1 1
vn 0 0.3826834323650897 -0.9238795325112867
vn 1 0 0
vn 0 -0.3826834323650897 0.9238795325112867
vn -1 0 0
vn 0 0.9238795325112867 0.3826834323650897
vn 0 -0.9238795325112867 -0.3826834323650897
usemtl none
f 44/124/31 47/123/31 45/122/31 42/121/31
f 43/128/32 44/127/32 42/126/32 41/125/32
f 48/132/33 43/131/33 41/130/33 46/129/33
f 47/136/34 48/135/34 46/134/34 45/133/34
usemtl m_8881eae4-35a9-6cce-2dc3-3ac8c7ab44fe
f 46/140/35 41/139/35 42/138/35 45/137/35
f 47/144/36 44/143/36 43/142/36 48/141/36
o cube
v 0.5 0.6564710784553127 0.5434681051253774
v 0.5 -0.10889578627486685 -1.3042909598971963
v 0.5 0.6564710784553127 0.5434681051253774
v 0.5 -0.10889578627486685 -1.3042909598971963
v -0.5 -0.10889578627486685 -1.3042909598971963
v -0.5 0.6564710784553127 0.5434681051253774
v -0.5 -0.10889578627486685 -1.3042909598971963
v -0.5 0.6564710784553127 0.5434681051253774
vt 1 1
vt 0 1
vt 0 1
vt 1 1
vt 0 1
vt 0 0.125
vt 0 0.125
vt 0 1
vt 0 1
vt 1 1
vt 1 1
vt 0 1
vt 0 0.125
vt 0 1
vt 0 1
vt 0 0.125
vt 1 0
vt 0 0
vt 0 1
vt 1 1
vt 0 1
vt 1 1
vt 1 0
vt 0 0
vn 0 -0.3826834323650897 -0.9238795325112867
vn 1 0 0
vn 0 0.3826834323650897 0.9238795325112867
vn -1 0 0
vn 0 0.9238795325112867 -0.3826834323650897
vn 0 -0.9238795325112867 0.3826834323650897
usemtl none
f 52/148/37 55/147/37 53/146/37 50/145/37
f 51/152/38 52/151/38 50/150/38 49/149/38
f 56/156/39 51/155/39 49/154/39 54/153/39
f 55/160/40 56/159/40 54/158/40 53/157/40
usemtl m_8881eae4-35a9-6cce-2dc3-3ac8c7ab44fe
f 54/164/41 49/163/41 50/162/41 53/161/41
f 55/168/42 52/167/42 51/166/42 56/165/42
o cube
v 0.5097751953012795 0.638356774618634 0.5
v 0.5097751953012795 0.638356774618634 -0.5
v 0.5097751953012795 0.638356774618634 0.5
v 0.5097751953012795 0.638356774618634 -0.5
v -1.3379838697212938 -0.12701009011154551 -0.5
v -1.3379838697212938 -0.12701009011154551 0.5
v -1.3379838697212938 -0.12701009011154551 -0.5
v -1.3379838697212938 -0.12701009011154551 0.5
vt 1 1
vt 0 1
vt 0 1
vt 1 1
vt 0 0
vt 0 1
vt 0 1
vt 0 0
vt 0 1
vt 1 1
vt 1 1
vt 0 1
vt 0 1
vt 0 0
vt 0 0
vt 0 1
vt 0 0
vt 0 1
vt 1 1
vt 1 0
vt 0 0
vt 0 1
vt 1 1
vt 1 0
vn 0 0 -1
vn 0.9238795325112867 0.3826834323650897 0
vn 0 0 1
vn -0.9238795325112867 -0.3826834323650897 0
vn -0.3826834323650897 0.9238795325112867 0
vn 0.3826834323650897 -0.9238795325112867 0
usemtl none
f 60/172/43 63/171/43 61/170/43 58/169/43
f 59/176/44 60/175/44 58/174/44 57/173/44
f 64/180/45 59/179/45 57/178/45 62/177/45
f 63/184/46 64/183/46 62/182/46 61/181/46
usemtl m_8881eae4-35a9-6cce-2dc3-3ac8c7ab44fe
f 62/188/47 57/187/47 58/186/47 61/185/47
f 63/192/48 60/191/48 59/190/48 64/189/48
o cube
v 0.4419417382415921 -0.1875 1.1793786053180504
v 1.1490485194281397 -0.1875 0.4722718241315029
v 0.4419417382415921 -0.1875 1.1793786053180504
v 1.1490485194281397 -0.1875 0.4722718241315029
v 0.39774756441743286 -0.1875 -0.2790291308792039
v -0.3093592167691146 -0.1875 0.42807765030734357
v 0.39774756441743286 -0.1875 -0.2790291308792039
v -0.3093592167691146 -0.1875 0.42807765030734357
vt 1 1
vt 0 1
vt 0 1
vt 1 1
vt 0 0
vt 0 1
vt 0 1
vt 0 0
vt 0 1
vt 1 1
vt 1 1
vt 0 1
vt 0 1
vt 0 0
vt 0 0
vt 0 1
vt 1 1
vt 1 0
vt 0 0
vt 0 1
vt 1 1
vt 1 0
vt 0 0
vt 0 1
vn 0.7071067811865476 0 -0.7071067811865475
vn 0.7071067811865475 0 0.7071067811865476
vn -0.7071067811865476 0 0.7071067811865475
vn -0.7071067811865475 0 -0.7071067811865476
vn 0 1 0
vn 0 -1 0
usemtl none
f 68/196/49 71/195/49 69/194/49 66/193/49
f 67/200/50 68/199/50 66/198/50 65/197/50
f 72/204/51 67/203/51 65/202/51 70/201/51
f 71/208/52 72/207/52 70/206/52 69/205/52
usemtl m_8881eae4-35a9-6cce-2dc3-3ac8c7ab44fe
f 70/212/53 65/211/53 66/210/53 69/209/53
f 71/216/54 68/215/54 67/214/54 72/213/54
o cube
v 0.3093592167691146 -0.1875 0.42807765030734357
v -0.3977475644174329 -0.1875 -0.2790291308792039
v 0.3093592167691146 -0.1875 0.42807765030734357
v -0.3977475644174329 -0.1875 -0.2790291308792039
v -1.1490485194281397 -0.1875 0.4722718241315029
v -0.4419417382415921 -0.1875 1.1793786053180504
v -1.1490485194281397 -0.1875 0.4722718241315029
v -0.4419417382415921 -0.1875 1.1793786053180504
vt 1 1
vt 0 1
vt 0 1
vt 1 1
vt 0 0
vt 0 1
vt 0 1
vt 0 0
vt 0 1
vt 1 1
vt 1 1
vt 0 1
vt 0 1
vt 0 0
vt 0 0
vt 0 1
vt 0 0
vt 0 1
vt 1 1
vt 1 0
vt 0 0
vt 0 1
vt 1 1
vt 1 0
vn -0.7071067811865476 0 -0.7071067811865475
vn 0.7071067811865475 0 -0.7071067811865476
vn 0.7071067811865476 0 0.7071067811865475
vn -0.7071067811865475 0 0.7071067811865476
vn 0 1 0
vn 0 -1 0
usemtl none
f 76/220/55 79/219/55 77/218/55 74/217/55
f 75/224/56 76/223/56 74/222/56 73/221/56
f 80/228/57 75/227/57 73/226/57 78/225/57
f 79/232/58 80/231/58 78/230/58 77/229/58
usemtl m_8881eae4-35a9-6cce-2dc3-3ac8c7ab44fe
f 78/236/59 73/235/59 74/234/59 77/233/59
f 79/240/60 76/239/60 75/238/60 80/237/60
o cube
v 0.4419417382415922 0.5 0.4419417382415922
v 0.4419417382415922 0.5 0.4419417382415922
v 0.4419417382415922 -0.5 0.4419417382415922
v 0.4419417382415922 -0.5 0.4419417382415922
v -0.48613591206575135 0.5 -0.48613591206575146
v -0.48613591206575135 0.5 -0.48613591206575146
v -0.48613591206575135 -0.5 -0.48613591206575146
v -0.48613591206575135 -0.5 -0.48613591206575146
vt 0.125 1
vt 0.875 1
vt 0.875 0.375
vt 0.125 0.375
vt 0.125 1
vt 0.875 1
vt 0.875 0.375
vt 0.125 0.375
vn 0.7071067811865476 0 -0.7071067811865475
vn -0.7071067811865476 0 0.7071067811865475
usemtl m_8881eae4-35a9-6cce-2dc3-3ac8c7ab44fe
f 84/244/61 87/243/61 85/242/61 82/241/61
f 88/248/62 83/247/62 81/246/62 86/245/62
o cube
v 0.48613591206575135 0.5 -0.48613591206575146
v 0.48613591206575135 0.5 -0.48613591206575146
v 0.48613591206575135 -0.5 -0.48613591206575146
v 0.48613591206575135 -0.5 -0.48613591206575146
v -0.48613591206575135 0.5 0.48613591206575146
v -0.48613591206575135 0.5 0.48613591206575146
v -0.48613591206575135 -0.5 0.48613591206575146
v -0.48613591206575135 -0.5 0.48613591206575146
vt 0.125 1
vt 0.875 1
vt 0.875 0.375
vt 0.125 0.375
vt 0.125 1
vt 0.875 1
vt 0.875 0.375
vt 0.125 0.375
vn -0.7071067811865476 0 -0.7071067811865475
vn 0.7071067811865476 0 0.7071067811865475
usemtl m_8881eae4-35a9-6cce-2dc3-3ac8c7ab44fe
f 92/252/63 95/251/63 93/250/63 90/249/63
f 96/256/64 91/255/64 89/254/64 94/253/64
o cube
v -0.397747564417433 -0.25 0.3396893026590251
v 0.3093592167691146 -0.25 -0.3674174785275223
v -0.397747564417433 -0.25 0.3396893026590251
v 0.3093592167691146 -0.25 -0.3674174785275223
v -0.44194173824159216 -0.25 -1.1187184335382292
v -1.1490485194281397 -0.25 -0.41161165235168173
v -0.44194173824159216 -0.25 -1.1187184335382292
v -1.1490485194281397 -0.25 -0.41161165235168173
vt 1 1
vt 0 1
vt 0 1
vt 1 1
vt 0 0
vt 0 1
vt 0 1
vt 0 0
vt 0 1
vt 1 1
vt 1 1
vt 0 1
vt 0 1
vt 0 0
vt 0 0
vt 0 1
vt 0 0
vt 0 1
vt 1 1
vt 1 0
vt 0 0
vt 0 1
vt 1 1
vt 1 0
vn 0.7071067811865476 0 -0.7071067811865475
vn 0.7071067811865475 0 0.7071067811865476
vn -0.7071067811865476 0 0.7071067811865475
vn -0.7071067811865475 0 -0.7071067811865476
vn 0 1 0
vn 0 -1 0
usemtl none
f 100/260/65 103/259/65 101/258/65 98/257/65
f 99/264/66 100/263/66 98/262/66 97/261/66
f 104/268/67 99/267/67 97/266/67 102/265/67
f 103/272/68 104/271/68 102/270/68 101/269/68
usemtl m_8881eae4-35a9-6cce-2dc3-3ac8c7ab44fe
f 102/276/69 97/275/69 98/274/69 101/273/69
f 103/280/70 100/279/70 99/278/70 104/277/70
o cube
v 1.1048543456039805 -0.25 -0.3674174785275225
v 0.39774756441743286 -0.25 -1.0745242597140698
v 1.1048543456039805 -0.25 -0.3674174785275225
v 0.39774756441743286 -0.25 -1.0745242597140698
v -0.35355339059327373 -0.25 -0.3232233047033631
v 0.35355339059327373 -0.25 0.3838834764831843
v -0.35355339059327373 -0.25 -0.3232233047033631
v 0.35355339059327373 -0.25 0.3838834764831843
vt 1 1
vt 0 1
vt 0 1
vt 1 1
vt 0 0
vt 0 1
vt 0 1
vt 0 0
vt 0 1
vt 1 1
vt 1 1
vt 0 1
vt 0 1
vt 0 0
vt 0 0
vt 0 1
vt 1 1
vt 1 0
vt 0 0
vt 0 1
vt 1 1
vt 1 0
vt 0 0
vt 0 1
vn -0.7071067811865476 0 -0.7071067811865475
vn 0.7071067811865475 0 -0.7071067811865476
vn 0.7071067811865476 0 0.7071067811865475
vn -0.7071067811865475 0 0.7071067811865476
vn 0 1 0
vn 0 -1 0
usemtl none
f 108/284/71 111/283/71 109/282/71 106/281/71
f 107/288/72 108/287/72 106/286/72 105/285/72
f 112/292/73 107/291/73 105/290/73 110/289/73
f 111/296/74 112/295/74 110/294/74 109/293/74
usemtl m_8881eae4-35a9-6cce-2dc3-3ac8c7ab44fe
f 110/300/75 105/299/75 106/298/75 109/297/75
f 111/304/76 108/303/76 107/302/76 112/301/76